((("C-t" .
   [1 0 0])
  ("require" .
   [1 0 0 0 0 0 0])
  ("set" .
   [1 0 0])
  ("C-s" .
   [1 0 0])
  ("C-" .
   [2 0])
  ("C-c" .
   [1 0 0])
  ("kbd" .
   [1 0 0])
  ("cedet" .
   [1 0 0 0 0])
  ("load" .
   [1 0 0 0])
  ("expand-file-name" .
   [0 0 0 0 0 1 0 0 0 1 0 0 0 0 0 0])
  ("my-temp-dir" .
   [0 0 0 0 1 0 0 0 0 0 1])
  ("{{{" .
   [2 0 0])
  ("keybind" .
   [1 0 0 0 0 0 0])
  ("}}}" .
   [2 0 0])
  ("diff-command" .
   [0 0 0 0 1 0 0 0 0 0 0 0])
  ("setq" .
   [3 0 0 0])
  ("deh-require" .
   [0 0 0 0 0 0 0 0 1 0 0])
  ("imenu-tree" .
   [0 0 0 0 0 0 0 0 1 0])
  ("gtags" .
   [2 0 0 0 0])
  ("deh-section" .
   [1 0 0 0 0 0 0 1 0 0 0])
  ("let" .
   [1 0 0])
  ("if" .
   [1 0])
  ("file-exists-p" .
   [0 0 0 0 0 0 0 0 0 1 0 0 0])
  ("cedet-path" .
   [0 0 0 0 0 0 0 1 0 0])
  ("progn" .
   [1 0 0 0 0])))
